(kicad_pcb (version 20171130) (host pcbnew "(5.0.2)-1")

  (general
    (thickness 0.8)
    (drawings 6051)
    (tracks 657)
    (zones 0)
    (modules 62)
    (nets 35)
  )

  (page A4)
  (layers
    (0 F.Cu signal)
    (31 B.Cu signal)
    (32 B.Adhes user)
    (33 F.Adhes user)
    (34 B.Paste user)
    (35 F.Paste user)
    (36 B.SilkS user)
    (37 F.SilkS user)
    (38 B.Mask user)
    (39 F.Mask user)
    (40 Dwgs.User user)
    (41 Cmts.User user)
    (42 Eco1.User user)
    (43 Eco2.User user)
    (44 Edge.Cuts user)
    (45 Margin user)
    (46 B.CrtYd user hide)
    (47 F.CrtYd user hide)
    (48 B.Fab user hide)
    (49 F.Fab user hide)
  )

  (setup
    (last_trace_width 0.25)
    (trace_clearance 0.2)
    (zone_clearance 0.2)
    (zone_45_only no)
    (trace_min 0.1)
    (segment_width 0.2)
    (edge_width 0.2)
    (via_size 0.6)
    (via_drill 0.4)
    (via_min_size 0.4)
    (via_min_drill 0.3)
    (uvia_size 0.3)
    (uvia_drill 0.1)
    (uvias_allowed no)
    (uvia_min_size 0.2)
    (uvia_min_drill 0.1)
    (pcb_text_width 0.3)
    (pcb_text_size 1.5 1.5)
    (mod_edge_width 0.15)
    (mod_text_size 1 1)
    (mod_text_width 0.15)
    (pad_size 1.524 1.524)
    (pad_drill 0.762)
    (pad_to_mask_clearance 0.2)
    (solder_mask_min_width 0.25)
    (aux_axis_origin 95.06392 140.6436)
    (grid_origin 95.06392 140.6436)
    (visible_elements 7FFFFFFF)
    (pcbplotparams
      (layerselection 0x010f0_ffffffff)
      (usegerberextensions true)
      (usegerberattributes false)
      (usegerberadvancedattributes false)
      (creategerberjobfile false)
      (excludeedgelayer false)
      (linewidth 0.100000)
      (plotframeref false)
      (viasonmask false)
      (mode 1)
      (useauxorigin true)
      (hpglpennumber 1)
      (hpglpenspeed 20)
      (hpglpendiameter 15.000000)
      (psnegative false)
      (psa4output false)
      (plotreference true)
      (plotvalue true)
      (plotinvisibletext false)
      (padsonsilk true)
      (subtractmaskfromsilk true)
      (outputformat 1)
      (mirror false)
      (drillshape 0)
      (scaleselection 1)
      (outputdirectory "Gerbers/"))
  )

  (net 0 "")
  (net 1 +3V3)
  (net 2 GND)
  (net 3 /S4)
  (net 4 /S3)
  (net 5 /S2)
  (net 6 /S1)
  (net 7 /S12)
  (net 8 /S11)
  (net 9 "Net-(R13-Pad1)")
  (net 10 /S5)
  (net 11 /SM1)
  (net 12 /SM2)
  (net 13 /SM3)
  (net 14 /SM4)
  (net 15 /S6)
  (net 16 /S7)
  (net 17 /S8)
  (net 18 /S9)
  (net 19 /S10)
  (net 20 "Net-(R13-Pad2)")
  (net 21 "Net-(R14-Pad2)")
  (net 22 "Net-(R14-Pad1)")
  (net 23 "Net-(R15-Pad2)")
  (net 24 "Net-(R15-Pad1)")
  (net 25 "Net-(R16-Pad1)")
  (net 26 "Net-(R16-Pad2)")
  (net 27 "Net-(R17-Pad2)")
  (net 28 "Net-(R17-Pad1)")
  (net 29 "Net-(R18-Pad2)")
  (net 30 "Net-(R18-Pad1)")
  (net 31 "Net-(RM5-Pad2)")
  (net 32 "Net-(RM5-Pad1)")
  (net 33 "Net-(RM6-Pad1)")
  (net 34 "Net-(RM6-Pad2)")

  (net_class Default "Esta es la clase de red por defecto."
    (clearance 0.2)
    (trace_width 0.25)
    (via_dia 0.6)
    (via_drill 0.4)
    (uvia_dia 0.3)
    (uvia_drill 0.1)
    (add_net /S1)
    (add_net /S10)
    (add_net /S11)
    (add_net /S12)
    (add_net /S2)
    (add_net /S3)
    (add_net /S4)
    (add_net /S5)
    (add_net /S6)
    (add_net /S7)
    (add_net /S8)
    (add_net /S9)
    (add_net /SM1)
    (add_net /SM2)
    (add_net /SM3)
    (add_net /SM4)
  )

  (net_class Alimentacion ""
    (clearance 0.2)
    (trace_width 0.4)
    (via_dia 0.6)
    (via_drill 0.4)
    (uvia_dia 0.3)
    (uvia_drill 0.1)
    (add_net GND)
    (add_net "Net-(R13-Pad1)")
    (add_net "Net-(R13-Pad2)")
    (add_net "Net-(R14-Pad1)")
    (add_net "Net-(R14-Pad2)")
    (add_net "Net-(R15-Pad1)")
    (add_net "Net-(R15-Pad2)")
    (add_net "Net-(R16-Pad1)")
    (add_net "Net-(R16-Pad2)")
    (add_net "Net-(R17-Pad1)")
    (add_net "Net-(R17-Pad2)")
    (add_net "Net-(R18-Pad1)")
    (add_net "Net-(R18-Pad2)")
    (add_net "Net-(RM5-Pad1)")
    (add_net "Net-(RM5-Pad2)")
    (add_net "Net-(RM6-Pad1)")
    (add_net "Net-(RM6-Pad2)")
  )

  (net_class Potencia ""
    (clearance 0.25)
    (trace_width 0.7)
    (via_dia 1)
    (via_drill 0.75)
    (uvia_dia 0.3)
    (uvia_drill 0.1)
    (add_net +3V3)
  )

  (module "Conectores SMD:conn_morro_fuji_new" (layer B.Cu) (tedit 5CCBF51F) (tstamp 5D0BEE69)
    (at 121.37832 139.0688)
    (path /5CCF40EA)
    (fp_text reference MORRO1 (at 15.5105 1.5925) (layer B.SilkS)
      (effects (font (size 1 1) (thickness 0.15)) (justify mirror))
    )
    (fp_text value Conn_01x14_Female (at -1.143 1.3208) (layer B.Fab)
      (effects (font (size 1 1) (thickness 0.15)) (justify mirror))
    )
    (pad 2 thru_hole roundrect (at 3.81 0.254) (size 1.5 2.7) (drill oval 1.5 0.5 (offset 0 -1)) (layers *.Cu *.Mask) (roundrect_rratio 0.15)
      (net 6 /S1) (zone_connect 0))
    (pad 1 thru_hole roundrect (at 1.27 0.508) (size 2 3.7) (drill oval 2 1 (offset 0 -1.2)) (layers *.Cu *.Mask) (roundrect_rratio 0.25)
      (net 1 +3V3))
    (pad 3 thru_hole roundrect (at 5.842 0.254) (size 1.5 2.7) (drill oval 1.5 0.5 (offset 0 -1)) (layers *.Cu *.Mask) (roundrect_rratio 0.15)
      (net 5 /S2))
    (pad 4 thru_hole roundrect (at 7.874 0.254) (size 1.5 2.7) (drill oval 1.5 0.5 (offset 0 -1)) (layers *.Cu *.Mask) (roundrect_rratio 0.15)
      (net 4 /S3))
    (pad 5 thru_hole roundrect (at 9.906 0.254) (size 1.5 2.7) (drill oval 1.5 0.5 (offset 0 -1)) (layers *.Cu *.Mask) (roundrect_rratio 0.15)
      (net 3 /S4))
    (pad 6 thru_hole roundrect (at 11.938 0.254) (size 1.5 2.7) (drill oval 1.5 0.5 (offset 0 -1)) (layers *.Cu *.Mask) (roundrect_rratio 0.15)
      (net 10 /S5))
    (pad 7 thru_hole roundrect (at 13.97 0.254) (size 1.5 2.7) (drill oval 1.5 0.5 (offset 0 -1)) (layers *.Cu *.Mask) (roundrect_rratio 0.15)
      (net 15 /S6))
    (pad 8 thru_hole roundrect (at 16.002 0.254) (size 1.5 2.7) (drill oval 1.5 0.5 (offset 0 -1)) (layers *.Cu *.Mask) (roundrect_rratio 0.15)
      (net 16 /S7))
    (pad 9 thru_hole roundrect (at 18.034 0.254) (size 1.5 2.7) (drill oval 1.5 0.5 (offset 0 -1)) (layers *.Cu *.Mask) (roundrect_rratio 0.15)
      (net 17 /S8))
    (pad 10 thru_hole roundrect (at 20.066 0.254) (size 1.5 2.7) (drill oval 1.5 0.5 (offset 0 -1)) (layers *.Cu *.Mask) (roundrect_rratio 0.15)
      (net 18 /S9))
    (pad 11 thru_hole roundrect (at 22.098 0.254) (size 1.5 2.7) (drill oval 1.5 0.5 (offset 0 -1)) (layers *.Cu *.Mask) (roundrect_rratio 0.15)
      (net 19 /S10))
    (pad 12 thru_hole roundrect (at 24.13 0.254) (size 1.5 2.7) (drill oval 1.5 0.5 (offset 0 -1)) (layers *.Cu *.Mask) (roundrect_rratio 0.15)
      (net 8 /S11))
    (pad 13 thru_hole roundrect (at 26.162 0.254) (size 1.5 2.7) (drill oval 1.5 0.5 (offset 0 -1)) (layers *.Cu *.Mask) (roundrect_rratio 0.15)
      (net 7 /S12))
    (pad 14 thru_hole roundrect (at 28.702 0.508) (size 2 3.7) (drill oval 2 1 (offset 0 -1.2)) (layers *.Cu *.Mask) (roundrect_rratio 0.25)
      (net 2 GND))
  )

  (module Capacitor_SMD:C_0805_2012Metric (layer F.Cu) (tedit 5B36C52B) (tstamp 5CDBD12B)
    (at 157.31932 117.6566 180)
    (descr "Capacitor SMD 0805 (2012 Metric), square (rectangular) end terminal, IPC_7351 nominal, (Body size source: https://docs.google.com/spreadsheets/d/1BsfQQcO9C6DZCsRaXUlFlo91Tg2WpOkGARC1WS5S8t0/edit?usp=sharing), generated with kicad-footprint-generator")
    (tags capacitor)
    (path /5CCAB285)
    (attr smd)
    (fp_text reference C12 (at 0 -1.65 180) (layer F.SilkS)
      (effects (font (size 1 1) (thickness 0.15)))
    )
    (fp_text value 0.1uF (at 0 1.65 180) (layer F.Fab)
      (effects (font (size 1 1) (thickness 0.15)))
    )
    (fp_text user %R (at 0 0 180) (layer F.Fab)
      (effects (font (size 0.5 0.5) (thickness 0.08)))
    )
    (fp_line (start 1.68 0.95) (end -1.68 0.95) (layer F.CrtYd) (width 0.05))
    (fp_line (start 1.68 -0.95) (end 1.68 0.95) (layer F.CrtYd) (width 0.05))
    (fp_line (start -1.68 -0.95) (end 1.68 -0.95) (layer F.CrtYd) (width 0.05))
    (fp_line (start -1.68 0.95) (end -1.68 -0.95) (layer F.CrtYd) (width 0.05))
    (fp_line (start -0.258578 0.71) (end 0.258578 0.71) (layer F.SilkS) (width 0.12))
    (fp_line (start -0.258578 -0.71) (end 0.258578 -0.71) (layer F.SilkS) (width 0.12))
    (fp_line (start 1 0.6) (end -1 0.6) (layer F.Fab) (width 0.1))
    (fp_line (start 1 -0.6) (end 1 0.6) (layer F.Fab) (width 0.1))
    (fp_line (start -1 -0.6) (end 1 -0.6) (layer F.Fab) (width 0.1))
    (fp_line (start -1 0.6) (end -1 -0.6) (layer F.Fab) (width 0.1))
    (pad 2 smd roundrect (at 0.9375 0 180) (size 0.975 1.4) (layers F.Cu F.Paste F.Mask) (roundrect_rratio 0.25)
      (net 1 +3V3))
    (pad 1 smd roundrect (at -0.9375 0 180) (size 0.975 1.4) (layers F.Cu F.Paste F.Mask) (roundrect_rratio 0.25)
      (net 2 GND))
    (model ${KISYS3DMOD}/Capacitor_SMD.3dshapes/C_0805_2012Metric.wrl
      (at (xyz 0 0 0))
      (scale (xyz 1 1 1))
      (rotate (xyz 0 0 0))
    )
  )

  (module Capacitor_SMD:C_0805_2012Metric (layer F.Cu) (tedit 5B36C52B) (tstamp 5CDBD13C)
    (at 157.34472 115.8278 180)
    (descr "Capacitor SMD 0805 (2012 Metric), square (rectangular) end terminal, IPC_7351 nominal, (Body size source: https://docs.google.com/spreadsheets/d/1BsfQQcO9C6DZCsRaXUlFlo91Tg2WpOkGARC1WS5S8t0/edit?usp=sharing), generated with kicad-footprint-generator")
    (tags capacitor)
    (path /5CCAB28E)
    (attr smd)
    (fp_text reference C13 (at 0 -1.65 180) (layer F.SilkS)
      (effects (font (size 1 1) (thickness 0.15)))
    )
    (fp_text value 0.1uF (at 0 1.65 180) (layer F.Fab)
      (effects (font (size 1 1) (thickness 0.15)))
    )
    (fp_line (start -1 0.6) (end -1 -0.6) (layer F.Fab) (width 0.1))
    (fp_line (start -1 -0.6) (end 1 -0.6) (layer F.Fab) (width 0.1))
    (fp_line (start 1 -0.6) (end 1 0.6) (layer F.Fab) (width 0.1))
    (fp_line (start 1 0.6) (end -1 0.6) (layer F.Fab) (width 0.1))
    (fp_line (start -0.258578 -0.71) (end 0.258578 -0.71) (layer F.SilkS) (width 0.12))
    (fp_line (start -0.258578 0.71) (end 0.258578 0.71) (layer F.SilkS) (width 0.12))
    (fp_line (start -1.68 0.95) (end -1.68 -0.95) (layer F.CrtYd) (width 0.05))
    (fp_line (start -1.68 -0.95) (end 1.68 -0.95) (layer F.CrtYd) (width 0.05))
    (fp_line (start 1.68 -0.95) (end 1.68 0.95) (layer F.CrtYd) (width 0.05))
    (fp_line (start 1.68 0.95) (end -1.68 0.95) (layer F.CrtYd) (width 0.05))
    (fp_text user %R (at 0 0 180) (layer F.Fab)
      (effects (font (size 0.5 0.5) (thickness 0.08)))
    )
    (pad 1 smd roundrect (at -0.9375 0 180) (size 0.975 1.4) (layers F.Cu F.Paste F.Mask) (roundrect_rratio 0.25)
      (net 2 GND))
    (pad 2 smd roundrect (at 0.9375 0 180) (size 0.975 1.4) (layers F.Cu F.Paste F.Mask) (roundrect_rratio 0.25)
      (net 1 +3V3))
    (model ${KISYS3DMOD}/Capacitor_SMD.3dshapes/C_0805_2012Metric.wrl
      (at (xyz 0 0 0))
      (scale (xyz 1 1 1))
      (rotate (xyz 0 0 0))
    )
  )

  (module Capacitor_SMD:C_0805_2012Metric (layer F.Cu) (tedit 5B36C52B) (tstamp 5CDBD14D)
    (at 115.33312 117.7074 180)
    (descr "Capacitor SMD 0805 (2012 Metric), square (rectangular) end terminal, IPC_7351 nominal, (Body size source: https://docs.google.com/spreadsheets/d/1BsfQQcO9C6DZCsRaXUlFlo91Tg2WpOkGARC1WS5S8t0/edit?usp=sharing), generated with kicad-footprint-generator")
    (tags capacitor)
    (path /5CCAB213)
    (attr smd)
    (fp_text reference C14 (at 0 -1.65 180) (layer F.SilkS)
      (effects (font (size 1 1) (thickness 0.15)))
    )
    (fp_text value 0.1uF (at 0 1.65 180) (layer F.Fab)
      (effects (font (size 1 1) (thickness 0.15)))
    )
    (fp_text user %R (at 0 0 180) (layer F.Fab)
      (effects (font (size 0.5 0.5) (thickness 0.08)))
    )
    (fp_line (start 1.68 0.95) (end -1.68 0.95) (layer F.CrtYd) (width 0.05))
    (fp_line (start 1.68 -0.95) (end 1.68 0.95) (layer F.CrtYd) (width 0.05))
    (fp_line (start -1.68 -0.95) (end 1.68 -0.95) (layer F.CrtYd) (width 0.05))
    (fp_line (start -1.68 0.95) (end -1.68 -0.95) (layer F.CrtYd) (width 0.05))
    (fp_line (start -0.258578 0.71) (end 0.258578 0.71) (layer F.SilkS) (width 0.12))
    (fp_line (start -0.258578 -0.71) (end 0.258578 -0.71) (layer F.SilkS) (width 0.12))
    (fp_line (start 1 0.6) (end -1 0.6) (layer F.Fab) (width 0.1))
    (fp_line (start 1 -0.6) (end 1 0.6) (layer F.Fab) (width 0.1))
    (fp_line (start -1 -0.6) (end 1 -0.6) (layer F.Fab) (width 0.1))
    (fp_line (start -1 0.6) (end -1 -0.6) (layer F.Fab) (width 0.1))
    (pad 2 smd roundrect (at 0.9375 0 180) (size 0.975 1.4) (layers F.Cu F.Paste F.Mask) (roundrect_rratio 0.25)
      (net 1 +3V3))
    (pad 1 smd roundrect (at -0.9375 0 180) (size 0.975 1.4) (layers F.Cu F.Paste F.Mask) (roundrect_rratio 0.25)
      (net 2 GND))
    (model ${KISYS3DMOD}/Capacitor_SMD.3dshapes/C_0805_2012Metric.wrl
      (at (xyz 0 0 0))
      (scale (xyz 1 1 1))
      (rotate (xyz 0 0 0))
    )
  )

  (module Capacitor_SMD:C_0805_2012Metric (layer F.Cu) (tedit 5B36C52B) (tstamp 5CDBD15E)
    (at 115.35852 115.8278 180)
    (descr "Capacitor SMD 0805 (2012 Metric), square (rectangular) end terminal, IPC_7351 nominal, (Body size source: https://docs.google.com/spreadsheets/d/1BsfQQcO9C6DZCsRaXUlFlo91Tg2WpOkGARC1WS5S8t0/edit?usp=sharing), generated with kicad-footprint-generator")
    (tags capacitor)
    (path /5CCAB21C)
    (attr smd)
    (fp_text reference C15 (at 0 -1.65 180) (layer F.SilkS)
      (effects (font (size 1 1) (thickness 0.15)))
    )
    (fp_text value 0.1uF (at 0 1.65 180) (layer F.Fab)
      (effects (font (size 1 1) (thickness 0.15)))
    )
    (fp_line (start -1 0.6) (end -1 -0.6) (layer F.Fab) (width 0.1))
    (fp_line (start -1 -0.6) (end 1 -0.6) (layer F.Fab) (width 0.1))
    (fp_line (start 1 -0.6) (end 1 0.6) (layer F.Fab) (width 0.1))
    (fp_line (start 1 0.6) (end -1 0.6) (layer F.Fab) (width 0.1))
    (fp_line (start -0.258578 -0.71) (end 0.258578 -0.71) (layer F.SilkS) (width 0.12))
    (fp_line (start -0.258578 0.71) (end 0.258578 0.71) (layer F.SilkS) (width 0.12))
    (fp_line (start -1.68 0.95) (end -1.68 -0.95) (layer F.CrtYd) (width 0.05))
    (fp_line (start -1.68 -0.95) (end 1.68 -0.95) (layer F.CrtYd) (width 0.05))
    (fp_line (start 1.68 -0.95) (end 1.68 0.95) (layer F.CrtYd) (width 0.05))
    (fp_line (start 1.68 0.95) (end -1.68 0.95) (layer F.CrtYd) (width 0.05))
    (fp_text user %R (at 0 0 180) (layer F.Fab)
      (effects (font (size 0.5 0.5) (thickness 0.08)))
    )
    (pad 1 smd roundrect (at -0.9375 0 180) (size 0.975 1.4) (layers F.Cu F.Paste F.Mask) (roundrect_rratio 0.25)
      (net 2 GND))
    (pad 2 smd roundrect (at 0.9375 0 180) (size 0.975 1.4) (layers F.Cu F.Paste F.Mask) (roundrect_rratio 0.25)
      (net 1 +3V3))
    (model ${KISYS3DMOD}/Capacitor_SMD.3dshapes/C_0805_2012Metric.wrl
      (at (xyz 0 0 0))
      (scale (xyz 1 1 1))
      (rotate (xyz 0 0 0))
    )
  )

  (module Connector_PinSocket_2.54mm:PinSocket_2x01_P2.54mm_Vertical (layer F.Cu) (tedit 5A19A420) (tstamp 5CDBD176)
    (at 160.77372 124.6416 180)
    (descr "Through hole straight socket strip, 2x01, 2.54mm pitch, double cols (from Kicad 4.0.7), script generated")
    (tags "Through hole socket strip THT 2x01 2.54mm double row")
    (path /5CD991C2)
    (fp_text reference Marcas_D_1 (at -1.27 -2.77 180) (layer F.SilkS)
      (effects (font (size 1 1) (thickness 0.15)))
    )
    (fp_text value Conn_01x02_Female (at -1.27 2.77 180) (layer F.Fab)
      (effects (font (size 1 1) (thickness 0.15)))
    )
    (fp_line (start -3.81 -1.27) (end 0.635 -1.27) (layer F.Fab) (width 0.1))
    (fp_line (start 0.635 -1.27) (end 1.27 -0.635) (layer F.Fab) (width 0.1))
    (fp_line (start 1.27 -0.635) (end 1.27 1.27) (layer F.Fab) (width 0.1))
    (fp_line (start 1.27 1.27) (end -3.81 1.27) (layer F.Fab) (width 0.1))
    (fp_line (start -3.81 1.27) (end -3.81 -1.27) (layer F.Fab) (width 0.1))
    (fp_line (start -3.87 -1.33) (end -1.27 -1.33) (layer F.SilkS) (width 0.12))
    (fp_line (start -3.87 -1.33) (end -3.87 1.33) (layer F.SilkS) (width 0.12))
    (fp_line (start -3.87 1.33) (end 1.33 1.33) (layer F.SilkS) (width 0.12))
    (fp_line (start 1.33 1.27) (end 1.33 1.33) (layer F.SilkS) (width 0.12))
    (fp_line (start -1.27 1.27) (end 1.33 1.27) (layer F.SilkS) (width 0.12))
    (fp_line (start -1.27 -1.33) (end -1.27 1.27) (layer F.SilkS) (width 0.12))
    (fp_line (start 1.33 -1.33) (end 1.33 0) (layer F.SilkS) (width 0.12))
    (fp_line (start 0 -1.33) (end 1.33 -1.33) (layer F.SilkS) (width 0.12))
    (fp_line (start -4.34 -1.8) (end 1.76 -1.8) (layer F.CrtYd) (width 0.05))
    (fp_line (start 1.76 -1.8) (end 1.76 1.75) (layer F.CrtYd) (width 0.05))
    (fp_line (start 1.76 1.75) (end -4.34 1.75) (layer F.CrtYd) (width 0.05))
    (fp_line (start -4.34 1.75) (end -4.34 -1.8) (layer F.CrtYd) (width 0.05))
    (fp_text user %R (at -1.27 0 180) (layer F.Fab)
      (effects (font (size 1 1) (thickness 0.15)))
    )
    (pad 1 thru_hole rect (at 0 0 180) (size 1.7 1.7) (drill 1) (layers *.Cu *.Mask)
      (net 2 GND))
    (pad 2 thru_hole oval (at -2.54 0 180) (size 1.7 1.7) (drill 1) (layers *.Cu *.Mask)
      (net 1 +3V3))
    (model ${KISYS3DMOD}/Connector_PinSocket_2.54mm.3dshapes/PinSocket_2x01_P2.54mm_Vertical.wrl
      (at (xyz 0 0 0))
      (scale (xyz 1 1 1))
      (rotate (xyz 0 0 0))
    )
  )

  (module Connector_PinSocket_2.54mm:PinSocket_2x01_P2.54mm_Vertical (layer F.Cu) (tedit 5A19A420) (tstamp 5CDBD18E)
    (at 159.50372 127.3086 180)
    (descr "Through hole straight socket strip, 2x01, 2.54mm pitch, double cols (from Kicad 4.0.7), script generated")
    (tags "Through hole socket strip THT 2x01 2.54mm double row")
    (path /5CD991BB)
    (fp_text reference Marcas_D_2 (at -1.27 -2.77 180) (layer F.SilkS)
      (effects (font (size 1 1) (thickness 0.15)))
    )
    (fp_text value Conn_01x02_Female (at -1.27 2.77 180) (layer F.Fab)
      (effects (font (size 1 1) (thickness 0.15)))
    )
    (fp_text user %R (at -1.27 0 180) (layer F.Fab)
      (effects (font (size 1 1) (thickness 0.15)))
    )
    (fp_line (start -4.34 1.75) (end -4.34 -1.8) (layer F.CrtYd) (width 0.05))
    (fp_line (start 1.76 1.75) (end -4.34 1.75) (layer F.CrtYd) (width 0.05))
    (fp_line (start 1.76 -1.8) (end 1.76 1.75) (layer F.CrtYd) (width 0.05))
    (fp_line (start -4.34 -1.8) (end 1.76 -1.8) (layer F.CrtYd) (width 0.05))
    (fp_line (start 0 -1.33) (end 1.33 -1.33) (layer F.SilkS) (width 0.12))
    (fp_line (start 1.33 -1.33) (end 1.33 0) (layer F.SilkS) (width 0.12))
    (fp_line (start -1.27 -1.33) (end -1.27 1.27) (layer F.SilkS) (width 0.12))
    (fp_line (start -1.27 1.27) (end 1.33 1.27) (layer F.SilkS) (width 0.12))
    (fp_line (start 1.33 1.27) (end 1.33 1.33) (layer F.SilkS) (width 0.12))
    (fp_line (start -3.87 1.33) (end 1.33 1.33) (layer F.SilkS) (width 0.12))
    (fp_line (start -3.87 -1.33) (end -3.87 1.33) (layer F.SilkS) (width 0.12))
    (fp_line (start -3.87 -1.33) (end -1.27 -1.33) (layer F.SilkS) (width 0.12))
    (fp_line (start -3.81 1.27) (end -3.81 -1.27) (layer F.Fab) (width 0.1))
    (fp_line (start 1.27 1.27) (end -3.81 1.27) (layer F.Fab) (width 0.1))
    (fp_line (start 1.27 -0.635) (end 1.27 1.27) (layer F.Fab) (width 0.1))
    (fp_line (start 0.635 -1.27) (end 1.27 -0.635) (layer F.Fab) (width 0.1))
    (fp_line (start -3.81 -1.27) (end 0.635 -1.27) (layer F.Fab) (width 0.1))
    (pad 2 thru_hole oval (at -2.54 0 180) (size 1.7 1.7) (drill 1) (layers *.Cu *.Mask)
      (net 11 /SM1))
    (pad 1 thru_hole rect (at 0 0 180) (size 1.7 1.7) (drill 1) (layers *.Cu *.Mask)
      (net 12 /SM2))
    (model ${KISYS3DMOD}/Connector_PinSocket_2.54mm.3dshapes/PinSocket_2x01_P2.54mm_Vertical.wrl
      (at (xyz 0 0 0))
      (scale (xyz 1 1 1))
      (rotate (xyz 0 0 0))
    )
  )

  (module Connector_PinSocket_2.54mm:PinSocket_2x01_P2.54mm_Vertical (layer F.Cu) (tedit 5A19A420) (tstamp 5CDBD1A6)
    (at 111.92952 124.6416)
    (descr "Through hole straight socket strip, 2x01, 2.54mm pitch, double cols (from Kicad 4.0.7), script generated")
    (tags "Through hole socket strip THT 2x01 2.54mm double row")
    (path /5CD5CB37)
    (fp_text reference Marcas_I_1 (at -8.128 -2.54) (layer F.SilkS)
      (effects (font (size 1 1) (thickness 0.15)))
    )
    (fp_text value Conn_01x02_Female (at -1.27 2.77) (layer F.Fab)
      (effects (font (size 1 1) (thickness 0.15)))
    )
    (fp_line (start -3.81 -1.27) (end 0.635 -1.27) (layer F.Fab) (width 0.1))
    (fp_line (start 0.635 -1.27) (end 1.27 -0.635) (layer F.Fab) (width 0.1))
    (fp_line (start 1.27 -0.635) (end 1.27 1.27) (layer F.Fab) (width 0.1))
    (fp_line (start 1.27 1.27) (end -3.81 1.27) (layer F.Fab) (width 0.1))
    (fp_line (start -3.81 1.27) (end -3.81 -1.27) (layer F.Fab) (width 0.1))
    (fp_line (start -3.87 -1.33) (end -1.27 -1.33) (layer F.SilkS) (width 0.12))
    (fp_line (start -3.87 -1.33) (end -3.87 1.33) (layer F.SilkS) (width 0.12))
    (fp_line (start -3.87 1.33) (end 1.33 1.33) (layer F.SilkS) (width 0.12))
    (fp_line (start 1.33 1.27) (end 1.33 1.33) (layer F.SilkS) (width 0.12))
    (fp_line (start -1.27 1.27) (end 1.33 1.27) (layer F.SilkS) (width 0.12))
    (fp_line (start -1.27 -1.33) (end -1.27 1.27) (layer F.SilkS) (width 0.12))
    (fp_line (start 1.33 -1.33) (end 1.33 0) (layer F.SilkS) (width 0.12))
    (fp_line (start 0 -1.33) (end 1.33 -1.33) (layer F.SilkS) (width 0.12))
    (fp_line (start -4.34 -1.8) (end 1.76 -1.8) (layer F.CrtYd) (width 0.05))
    (fp_line (start 1.76 -1.8) (end 1.76 1.75) (layer F.CrtYd) (width 0.05))
    (fp_line (start 1.76 1.75) (end -4.34 1.75) (layer F.CrtYd) (width 0.05))
    (fp_line (start -4.34 1.75) (end -4.34 -1.8) (layer F.CrtYd) (width 0.05))
    (fp_text user %R (at -1.27 0) (layer F.Fab)
      (effects (font (size 1 1) (thickness 0.15)))
    )
    (pad 1 thru_hole rect (at 0 0) (size 1.7 1.7) (drill 1) (layers *.Cu *.Mask)
      (net 2 GND))
    (pad 2 thru_hole oval (at -2.54 0) (size 1.7 1.7) (drill 1) (layers *.Cu *.Mask)
      (net 1 +3V3))
    (model ${KISYS3DMOD}/Connector_PinSocket_2.54mm.3dshapes/PinSocket_2x01_P2.54mm_Vertical.wrl
      (at (xyz 0 0 0))
      (scale (xyz 1 1 1))
      (rotate (xyz 0 0 0))
    )
  )

  (module Connector_PinSocket_2.54mm:PinSocket_2x01_P2.54mm_Vertical (layer F.Cu) (tedit 5A19A420) (tstamp 5CDBD1BE)
    (at 113.19952 127.2832)
    (descr "Through hole straight socket strip, 2x01, 2.54mm pitch, double cols (from Kicad 4.0.7), script generated")
    (tags "Through hole socket strip THT 2x01 2.54mm double row")
    (path /5CD5C826)
    (fp_text reference Marcas_I_2 (at -1.27 -2.77) (layer F.SilkS)
      (effects (font (size 1 1) (thickness 0.15)))
    )
    (fp_text value Conn_01x02_Female (at -1.27 2.77) (layer F.Fab)
      (effects (font (size 1 1) (thickness 0.15)))
    )
    (fp_text user %R (at -1.27 0) (layer F.Fab)
      (effects (font (size 1 1) (thickness 0.15)))
    )
    (fp_line (start -4.34 1.75) (end -4.34 -1.8) (layer F.CrtYd) (width 0.05))
    (fp_line (start 1.76 1.75) (end -4.34 1.75) (layer F.CrtYd) (width 0.05))
    (fp_line (start 1.76 -1.8) (end 1.76 1.75) (layer F.CrtYd) (width 0.05))
    (fp_line (start -4.34 -1.8) (end 1.76 -1.8) (layer F.CrtYd) (width 0.05))
    (fp_line (start 0 -1.33) (end 1.33 -1.33) (layer F.SilkS) (width 0.12))
    (fp_line (start 1.33 -1.33) (end 1.33 0) (layer F.SilkS) (width 0.12))
    (fp_line (start -1.27 -1.33) (end -1.27 1.27) (layer F.SilkS) (width 0.12))
    (fp_line (start -1.27 1.27) (end 1.33 1.27) (layer F.SilkS) (width 0.12))
    (fp_line (start 1.33 1.27) (end 1.33 1.33) (layer F.SilkS) (width 0.12))
    (fp_line (start -3.87 1.33) (end 1.33 1.33) (layer F.SilkS) (width 0.12))
    (fp_line (start -3.87 -1.33) (end -3.87 1.33) (layer F.SilkS) (width 0.12))
    (fp_line (start -3.87 -1.33) (end -1.27 -1.33) (layer F.SilkS) (width 0.12))
    (fp_line (start -3.81 1.27) (end -3.81 -1.27) (layer F.Fab) (width 0.1))
    (fp_line (start 1.27 1.27) (end -3.81 1.27) (layer F.Fab) (width 0.1))
    (fp_line (start 1.27 -0.635) (end 1.27 1.27) (layer F.Fab) (width 0.1))
    (fp_line (start 0.635 -1.27) (end 1.27 -0.635) (layer F.Fab) (width 0.1))
    (fp_line (start -3.81 -1.27) (end 0.635 -1.27) (layer F.Fab) (width 0.1))
    (pad 2 thru_hole oval (at -2.54 0) (size 1.7 1.7) (drill 1) (layers *.Cu *.Mask)
      (net 13 /SM3))
    (pad 1 thru_hole rect (at 0 0) (size 1.7 1.7) (drill 1) (layers *.Cu *.Mask)
      (net 14 /SM4))
    (model ${KISYS3DMOD}/Connector_PinSocket_2.54mm.3dshapes/PinSocket_2x01_P2.54mm_Vertical.wrl
      (at (xyz 0 0 0))
      (scale (xyz 1 1 1))
      (rotate (xyz 0 0 0))
    )
  )

  (module Resistor_SMD:R_0805_2012Metric (layer F.Cu) (tedit 5B36C52B) (tstamp 5CDBD1E1)
    (at 123.33412 120.4252 270)
    (descr "Resistor SMD 0805 (2012 Metric), square (rectangular) end terminal, IPC_7351 nominal, (Body size source: https://docs.google.com/spreadsheets/d/1BsfQQcO9C6DZCsRaXUlFlo91Tg2WpOkGARC1WS5S8t0/edit?usp=sharing), generated with kicad-footprint-generator")
    (tags resistor)
    (path /5CC4F2D7)
    (attr smd)
    (fp_text reference R1 (at 0 -1.65 270) (layer F.SilkS)
      (effects (font (size 1 1) (thickness 0.15)))
    )
    (fp_text value 20K (at 0 1.65 270) (layer F.Fab)
      (effects (font (size 1 1) (thickness 0.15)))
    )
    (fp_text user %R (at 0 0 270) (layer F.Fab)
      (effects (font (size 0.5 0.5) (thickness 0.08)))
    )
    (fp_line (start 1.68 0.95) (end -1.68 0.95) (layer F.CrtYd) (width 0.05))
    (fp_line (start 1.68 -0.95) (end 1.68 0.95) (layer F.CrtYd) (width 0.05))
    (fp_line (start -1.68 -0.95) (end 1.68 -0.95) (layer F.CrtYd) (width 0.05))
    (fp_line (start -1.68 0.95) (end -1.68 -0.95) (layer F.CrtYd) (width 0.05))
    (fp_line (start -0.258578 0.71) (end 0.258578 0.71) (layer F.SilkS) (width 0.12))
    (fp_line (start -0.258578 -0.71) (end 0.258578 -0.71) (layer F.SilkS) (width 0.12))
    (fp_line (start 1 0.6) (end -1 0.6) (layer F.Fab) (width 0.1))
    (fp_line (start 1 -0.6) (end 1 0.6) (layer F.Fab) (width 0.1))
    (fp_line (start -1 -0.6) (end 1 -0.6) (layer F.Fab) (width 0.1))
    (fp_line (start -1 0.6) (end -1 -0.6) (layer F.Fab) (width 0.1))
    (pad 2 smd roundrect (at 0.937501 0 270) (size 0.975 1.4) (layers F.Cu F.Paste F.Mask) (roundrect_rratio 0.25)
      (net 6 /S1))
    (pad 1 smd roundrect (at -0.937501 0 270) (size 0.975 1.4) (layers F.Cu F.Paste F.Mask) (roundrect_rratio 0.25)
      (net 1 +3V3))
    (model ${KISYS3DMOD}/Resistor_SMD.3dshapes/R_0805_2012Metric.wrl
      (at (xyz 0 0 0))
      (scale (xyz 1 1 1))
      (rotate (xyz 0 0 0))
    )
  )

  (module Resistor_SMD:R_0805_2012Metric (layer F.Cu) (tedit 5B36C52B) (tstamp 5CDBD1F2)
    (at 125.08672 120.4252 270)
    (descr "Resistor SMD 0805 (2012 Metric), square (rectangular) end terminal, IPC_7351 nominal, (Body size source: https://docs.google.com/spreadsheets/d/1BsfQQcO9C6DZCsRaXUlFlo91Tg2WpOkGARC1WS5S8t0/edit?usp=sharing), generated with kicad-footprint-generator")
    (tags resistor)
    (path /5CC4F2C9)
    (attr smd)
    (fp_text reference R2 (at 0 -1.65 270) (layer F.SilkS)
      (effects (font (size 1 1) (thickness 0.15)))
    )
    (fp_text value 20K (at 0 1.65 270) (layer F.Fab)
      (effects (font (size 1 1) (thickness 0.15)))
    )
    (fp_line (start -1 0.6) (end -1 -0.6) (layer F.Fab) (width 0.1))
    (fp_line (start -1 -0.6) (end 1 -0.6) (layer F.Fab) (width 0.1))
    (fp_line (start 1 -0.6) (end 1 0.6) (layer F.Fab) (width 0.1))
    (fp_line (start 1 0.6) (end -1 0.6) (layer F.Fab) (width 0.1))
    (fp_line (start -0.258578 -0.71) (end 0.258578 -0.71) (layer F.SilkS) (width 0.12))
    (fp_line (start -0.258578 0.71) (end 0.258578 0.71) (layer F.SilkS) (width 0.12))
    (fp_line (start -1.68 0.95) (end -1.68 -0.95) (layer F.CrtYd) (width 0.05))
    (fp_line (start -1.68 -0.95) (end 1.68 -0.95) (layer F.CrtYd) (width 0.05))
    (fp_line (start 1.68 -0.95) (end 1.68 0.95) (layer F.CrtYd) (width 0.05))
    (fp_line (start 1.68 0.95) (end -1.68 0.95) (layer F.CrtYd) (width 0.05))
    (fp_text user %R (at 0 0 270) (layer F.Fab)
      (effects (font (size 0.5 0.5) (thickness 0.08)))
    )
    (pad 1 smd roundrect (at -0.937501 0 270) (size 0.975 1.4) (layers F.Cu F.Paste F.Mask) (roundrect_rratio 0.25)
      (net 1 +3V3))
    (pad 2 smd roundrect (at 0.937501 0 270) (size 0.975 1.4) (layers F.Cu F.Paste F.Mask) (roundrect_rratio 0.25)
      (net 5 /S2))
    (model ${KISYS3DMOD}/Resistor_SMD.3dshapes/R_0805_2012Metric.wrl
      (at (xyz 0 0 0))
      (scale (xyz 1 1 1))
      (rotate (xyz 0 0 0))
    )
  )

  (module Resistor_SMD:R_0805_2012Metric (layer F.Cu) (tedit 5B36C52B) (tstamp 5CDBD203)
    (at 126.86472 120.4506 270)
    (descr "Resistor SMD 0805 (2012 Metric), square (rectangular) end terminal, IPC_7351 nominal, (Body size source: https://docs.google.com/spreadsheets/d/1BsfQQcO9C6DZCsRaXUlFlo91Tg2WpOkGARC1WS5S8t0/edit?usp=sharing), generated with kicad-footprint-generator")
    (tags resistor)
    (path /5CC4A518)
    (attr smd)
    (fp_text reference R3 (at 0 -1.65 270) (layer F.SilkS)
      (effects (font (size 1 1) (thickness 0.15)))
    )
    (fp_text value 20K (at 0 1.65 270) (layer F.Fab)
      (effects (font (size 1 1) (thickness 0.15)))
    )
    (fp_text user %R (at 0 0 270) (layer F.Fab)
      (effects (font (size 0.5 0.5) (thickness 0.08)))
    )
    (fp_line (start 1.68 0.95) (end -1.68 0.95) (layer F.CrtYd) (width 0.05))
    (fp_line (start 1.68 -0.95) (end 1.68 0.95) (layer F.CrtYd) (width 0.05))
    (fp_line (start -1.68 -0.95) (end 1.68 -0.95) (layer F.CrtYd) (width 0.05))
    (fp_line (start -1.68 0.95) (end -1.68 -0.95) (layer F.CrtYd) (width 0.05))
    (fp_line (start -0.258578 0.71) (end 0.258578 0.71) (layer F.SilkS) (width 0.12))
    (fp_line (start -0.258578 -0.71) (end 0.258578 -0.71) (layer F.SilkS) (width 0.12))
    (fp_line (start 1 0.6) (end -1 0.6) (layer F.Fab) (width 0.1))
    (fp_line (start 1 -0.6) (end 1 0.6) (layer F.Fab) (width 0.1))
    (fp_line (start -1 -0.6) (end 1 -0.6) (layer F.Fab) (width 0.1))
    (fp_line (start -1 0.6) (end -1 -0.6) (layer F.Fab) (width 0.1))
    (pad 2 smd roundrect (at 0.937501 0 270) (size 0.975 1.4) (layers F.Cu F.Paste F.Mask) (roundrect_rratio 0.25)
      (net 4 /S3))
    (pad 1 smd roundrect (at -0.937501 0 270) (size 0.975 1.4) (layers F.Cu F.Paste F.Mask) (roundrect_rratio 0.25)
      (net 1 +3V3))
    (model ${KISYS3DMOD}/Resistor_SMD.3dshapes/R_0805_2012Metric.wrl
      (at (xyz 0 0 0))
      (scale (xyz 1 1 1))
      (rotate (xyz 0 0 0))
    )
  )

  (module Resistor_SMD:R_0805_2012Metric (layer F.Cu) (tedit 5B36C52B) (tstamp 5CDBD214)
    (at 129.63332 123.6764 270)
    (descr "Resistor SMD 0805 (2012 Metric), square (rectangular) end terminal, IPC_7351 nominal, (Body size source: https://docs.google.com/spreadsheets/d/1BsfQQcO9C6DZCsRaXUlFlo91Tg2WpOkGARC1WS5S8t0/edit?usp=sharing), generated with kicad-footprint-generator")
    (tags resistor)
    (path /5CC4A50A)
    (attr smd)
    (fp_text reference R4 (at 0 -1.65 270) (layer F.SilkS)
      (effects (font (size 1 1) (thickness 0.15)))
    )
    (fp_text value 20K (at 0 1.65 270) (layer F.Fab)
      (effects (font (size 1 1) (thickness 0.15)))
    )
    (fp_line (start -1 0.6) (end -1 -0.6) (layer F.Fab) (width 0.1))
    (fp_line (start -1 -0.6) (end 1 -0.6) (layer F.Fab) (width 0.1))
    (fp_line (start 1 -0.6) (end 1 0.6) (layer F.Fab) (width 0.1))
    (fp_line (start 1 0.6) (end -1 0.6) (layer F.Fab) (width 0.1))
    (fp_line (start -0.258578 -0.71) (end 0.258578 -0.71) (layer F.SilkS) (width 0.12))
    (fp_line (start -0.258578 0.71) (end 0.258578 0.71) (layer F.SilkS) (width 0.12))
    (fp_line (start -1.68 0.95) (end -1.68 -0.95) (layer F.CrtYd) (width 0.05))
    (fp_line (start -1.68 -0.95) (end 1.68 -0.95) (layer F.CrtYd) (width 0.05))
    (fp_line (start 1.68 -0.95) (end 1.68 0.95) (layer F.CrtYd) (width 0.05))
    (fp_line (start 1.68 0.95) (end -1.68 0.95) (layer F.CrtYd) (width 0.05))
    (fp_text user %R (at 0 0 270) (layer F.Fab)
      (effects (font (size 0.5 0.5) (thickness 0.08)))
    )
    (pad 1 smd roundrect (at -0.937501 0 270) (size 0.975 1.4) (layers F.Cu F.Paste F.Mask) (roundrect_rratio 0.25)
      (net 1 +3V3))
    (pad 2 smd roundrect (at 0.937501 0 270) (size 0.975 1.4) (layers F.Cu F.Paste F.Mask) (roundrect_rratio 0.25)
      (net 3 /S4))
    (model ${KISYS3DMOD}/Resistor_SMD.3dshapes/R_0805_2012Metric.wrl
      (at (xyz 0 0 0))
      (scale (xyz 1 1 1))
      (rotate (xyz 0 0 0))
    )
  )

  (module Resistor_SMD:R_0805_2012Metric (layer F.Cu) (tedit 5B36C52B) (tstamp 5CDBD225)
    (at 131.43672 123.6764 270)
    (descr "Resistor SMD 0805 (2012 Metric), square (rectangular) end terminal, IPC_7351 nominal, (Body size source: https://docs.google.com/spreadsheets/d/1BsfQQcO9C6DZCsRaXUlFlo91Tg2WpOkGARC1WS5S8t0/edit?usp=sharing), generated with kicad-footprint-generator")
    (tags resistor)
    (path /5CC4D6FA)
    (attr smd)
    (fp_text reference R5 (at 0 -1.65 270) (layer F.SilkS)
      (effects (font (size 1 1) (thickness 0.15)))
    )
    (fp_text value 20K (at 0 1.65 270) (layer F.Fab)
      (effects (font (size 1 1) (thickness 0.15)))
    )
    (fp_line (start -1 0.6) (end -1 -0.6) (layer F.Fab) (width 0.1))
    (fp_line (start -1 -0.6) (end 1 -0.6) (layer F.Fab) (width 0.1))
    (fp_line (start 1 -0.6) (end 1 0.6) (layer F.Fab) (width 0.1))
    (fp_line (start 1 0.6) (end -1 0.6) (layer F.Fab) (width 0.1))
    (fp_line (start -0.258578 -0.71) (end 0.258578 -0.71) (layer F.SilkS) (width 0.12))
    (fp_line (start -0.258578 0.71) (end 0.258578 0.71) (layer F.SilkS) (width 0.12))
    (fp_line (start -1.68 0.95) (end -1.68 -0.95) (layer F.CrtYd) (width 0.05))
    (fp_line (start -1.68 -0.95) (end 1.68 -0.95) (layer F.CrtYd) (width 0.05))
    (fp_line (start 1.68 -0.95) (end 1.68 0.95) (layer F.CrtYd) (width 0.05))
    (fp_line (start 1.68 0.95) (end -1.68 0.95) (layer F.CrtYd) (width 0.05))
    (fp_text user %R (at 0 0 270) (layer F.Fab)
      (effects (font (size 0.5 0.5) (thickness 0.08)))
    )
    (pad 1 smd roundrect (at -0.937501 0 270) (size 0.975 1.4) (layers F.Cu F.Paste F.Mask) (roundrect_rratio 0.25)
      (net 1 +3V3))
    (pad 2 smd roundrect (at 0.937501 0 270) (size 0.975 1.4) (layers F.Cu F.Paste F.Mask) (roundrect_rratio 0.25)
      (net 10 /S5))
    (model ${KISYS3DMOD}/Resistor_SMD.3dshapes/R_0805_2012Metric.wrl
      (at (xyz 0 0 0))
      (scale (xyz 1 1 1))
      (rotate (xyz 0 0 0))
    )
  )

  (module Resistor_SMD:R_0805_2012Metric (layer F.Cu) (tedit 5B36C52B) (tstamp 5CDBD236)
    (at 135.47532 124.6162 270)
    (descr "Resistor SMD 0805 (2012 Metric), square (rectangular) end terminal, IPC_7351 nominal, (Body size source: https://docs.google.com/spreadsheets/d/1BsfQQcO9C6DZCsRaXUlFlo91Tg2WpOkGARC1WS5S8t0/edit?usp=sharing), generated with kicad-footprint-generator")
    (tags resistor)
    (path /5CC4D6EC)
    (attr smd)
    (fp_text reference R6 (at -0.0508 -0.0762 270) (layer F.SilkS)
      (effects (font (size 1 1) (thickness 0.15)))
    )
    (fp_text value 20K (at 0 1.65 270) (layer F.Fab)
      (effects (font (size 1 1) (thickness 0.15)))
    )
    (fp_line (start -1 0.6) (end -1 -0.6) (layer F.Fab) (width 0.1))
    (fp_line (start -1 -0.6) (end 1 -0.6) (layer F.Fab) (width 0.1))
    (fp_line (start 1 -0.6) (end 1 0.6) (layer F.Fab) (width 0.1))
    (fp_line (start 1 0.6) (end -1 0.6) (layer F.Fab) (width 0.1))
    (fp_line (start -0.258578 -0.71) (end 0.258578 -0.71) (layer F.SilkS) (width 0.12))
    (fp_line (start -0.258578 0.71) (end 0.258578 0.71) (layer F.SilkS) (width 0.12))
    (fp_line (start -1.68 0.95) (end -1.68 -0.95) (layer F.CrtYd) (width 0.05))
    (fp_line (start -1.68 -0.95) (end 1.68 -0.95) (layer F.CrtYd) (width 0.05))
    (fp_line (start 1.68 -0.95) (end 1.68 0.95) (layer F.CrtYd) (width 0.05))
    (fp_line (start 1.68 0.95) (end -1.68 0.95) (layer F.CrtYd) (width 0.05))
    (fp_text user %R (at 0 0 270) (layer F.Fab)
      (effects (font (size 0.5 0.5) (thickness 0.08)))
    )
    (pad 1 smd roundrect (at -0.937501 0 270) (size 0.975 1.4) (layers F.Cu F.Paste F.Mask) (roundrect_rratio 0.25)
      (net 1 +3V3))
    (pad 2 smd roundrect (at 0.937501 0 270) (size 0.975 1.4) (layers F.Cu F.Paste F.Mask) (roundrect_rratio 0.25)
      (net 15 /S6))
    (model ${KISYS3DMOD}/Resistor_SMD.3dshapes/R_0805_2012Metric.wrl
      (at (xyz 0 0 0))
      (scale (xyz 1 1 1))
      (rotate (xyz 0 0 0))
    )
  )

  (module Resistor_SMD:R_0805_2012Metric (layer F.Cu) (tedit 5B36C52B) (tstamp 5CDBD247)
    (at 137.27872 124.6162 270)
    (descr "Resistor SMD 0805 (2012 Metric), square (rectangular) end terminal, IPC_7351 nominal, (Body size source: https://docs.google.com/spreadsheets/d/1BsfQQcO9C6DZCsRaXUlFlo91Tg2WpOkGARC1WS5S8t0/edit?usp=sharing), generated with kicad-footprint-generator")
    (tags resistor)
    (path /5CC51672)
    (attr smd)
    (fp_text reference R7 (at 0.254 -0.4064 270) (layer F.SilkS)
      (effects (font (size 1 1) (thickness 0.15)))
    )
    (fp_text value 20K (at 0 1.65 270) (layer F.Fab)
      (effects (font (size 1 1) (thickness 0.15)))
    )
    (fp_line (start -1 0.6) (end -1 -0.6) (layer F.Fab) (width 0.1))
    (fp_line (start -1 -0.6) (end 1 -0.6) (layer F.Fab) (width 0.1))
    (fp_line (start 1 -0.6) (end 1 0.6) (layer F.Fab) (width 0.1))
    (fp_line (start 1 0.6) (end -1 0.6) (layer F.Fab) (width 0.1))
    (fp_line (start -0.258578 -0.71) (end 0.258578 -0.71) (layer F.SilkS) (width 0.12))
    (fp_line (start -0.258578 0.71) (end 0.258578 0.71) (layer F.SilkS) (width 0.12))
    (fp_line (start -1.68 0.95) (end -1.68 -0.95) (layer F.CrtYd) (width 0.05))
    (fp_line (start -1.68 -0.95) (end 1.68 -0.95) (layer F.CrtYd) (width 0.05))
    (fp_line (start 1.68 -0.95) (end 1.68 0.95) (layer F.CrtYd) (width 0.05))
    (fp_line (start 1.68 0.95) (end -1.68 0.95) (layer F.CrtYd) (width 0.05))
    (fp_text user %R (at 0 0 270) (layer F.Fab)
      (effects (font (size 0.5 0.5) (thickness 0.08)))
    )
    (pad 1 smd roundrect (at -0.937501 0 270) (size 0.975 1.4) (layers F.Cu F.Paste F.Mask) (roundrect_rratio 0.25)
      (net 1 +3V3))
    (pad 2 smd roundrect (at 0.937501 0 270) (size 0.975 1.4) (layers F.Cu F.Paste F.Mask) (roundrect_rratio 0.25)
      (net 16 /S7))
    (model ${KISYS3DMOD}/Resistor_SMD.3dshapes/R_0805_2012Metric.wrl
      (at (xyz 0 0 0))
      (scale (xyz 1 1 1))
      (rotate (xyz 0 0 0))
    )
  )

  (module Resistor_SMD:R_0805_2012Metric (layer F.Cu) (tedit 5B36C52B) (tstamp 5CDBD258)
    (at 141.06332 123.6764 270)
    (descr "Resistor SMD 0805 (2012 Metric), square (rectangular) end terminal, IPC_7351 nominal, (Body size source: https://docs.google.com/spreadsheets/d/1BsfQQcO9C6DZCsRaXUlFlo91Tg2WpOkGARC1WS5S8t0/edit?usp=sharing), generated with kicad-footprint-generator")
    (tags resistor)
    (path /5CC51664)
    (attr smd)
    (fp_text reference R8 (at 0 -1.65 270) (layer F.SilkS)
      (effects (font (size 1 1) (thickness 0.15)))
    )
    (fp_text value 20K (at 0 1.65 270) (layer F.Fab)
      (effects (font (size 1 1) (thickness 0.15)))
    )
    (fp_text user %R (at 0 0 270) (layer F.Fab)
      (effects (font (size 0.5 0.5) (thickness 0.08)))
    )
    (fp_line (start 1.68 0.95) (end -1.68 0.95) (layer F.CrtYd) (width 0.05))
    (fp_line (start 1.68 -0.95) (end 1.68 0.95) (layer F.CrtYd) (width 0.05))
    (fp_line (start -1.68 -0.95) (end 1.68 -0.95) (layer F.CrtYd) (width 0.05))
    (fp_line (start -1.68 0.95) (end -1.68 -0.95) (layer F.CrtYd) (width 0.05))
    (fp_line (start -0.258578 0.71) (end 0.258578 0.71) (layer F.SilkS) (width 0.12))
    (fp_line (start -0.258578 -0.71) (end 0.258578 -0.71) (layer F.SilkS) (width 0.12))
    (fp_line (start 1 0.6) (end -1 0.6) (layer F.Fab) (width 0.1))
    (fp_line (start 1 -0.6) (end 1 0.6) (layer F.Fab) (width 0.1))
    (fp_line (start -1 -0.6) (end 1 -0.6) (layer F.Fab) (width 0.1))
    (fp_line (start -1 0.6) (end -1 -0.6) (layer F.Fab) (width 0.1))
    (pad 2 smd roundrect (at 0.937501 0 270) (size 0.975 1.4) (layers F.Cu F.Paste F.Mask) (roundrect_rratio 0.25)
      (net 17 /S8))
